Time: 987814
Generation: 30
Length: 137498.5030253045
0
862
86
208
687
473
857
256
938
975
351
141
624
609
723
970
293
893
311
978
888
270
204
397
766
935
152
764
565
606
410
525
171
28
772
130
578
753
863
67
702
681
302
394
502
12
249
747
147
215
915
714
497
18
543
269
992
774
799
739
437
136
504
873
957
244
564
46
897
512
608
80
362
129
849
793
805
510
268
419
405
363
649
945
139
449
439
490
788
696
372
708
435
216
488
539
872
806
855
463
591
653
633
765
803
233
22
998
241
580
770
93
367
919
605
505
181
222
310
313
383
124
231
424
920
347
391
587
402
40
848
190
92
669
592
613
732
149
360
692
499
197
936
260
882
554
325
479
997
346
154
910
794
37
377
53
320
795
180
70
524
221
79
162
441
200
933
508
869
202
773
475
519
627
620
781
594
713
378
638
76
557
460
953
470
199
276
759
603
980
323
515
465
963
62
5
446
727
758
826
120
854
44
468
68
673
291
41
988
664
36
38
683
329
667
851
388
972
393
787
990
78
743
7
491
35
457
801
184
903
824
650
635
102
337
495
407
436
69
207
453
462
522
647
385
715
485
711
596
454
58
737
815
21
597
842
220
983
546
481
807
729
417
237
230
133
300
309
164
226
922
370
387
528
43
358
281
353
90
748
51
427
960
501
545
95
403
257
262
267
618
127
808
636
409
832
898
853
586
56
287
279
896
562
631
666
643
841
641
775
359
398
768
349
77
693
506
552
818
252
451
399
33
3
25
196
858
746
89
880
447
111
660
17
530
750
876
83
408
416
299
137
885
392
671
369
786
520
756
9
298
890
527
271
266
584
585
395
560
968
361
128
235
467
106
478
575
676
174
131
406
948
956
534
122
601
769
138
590
344
569
908
338
500
198
366
944
932
716
259
328
760
284
845
242
413
883
728
238
112
493
285
695
830
600
616
330
480
651
752
860
955
532
39
796
234
924
736
386
577
927
474
352
314
943
706
784
60
277
900
521
707
626
777
916
946
755
843
902
188
634
582
987
718
412
396
390
339
87
203
334
101
456
844
246
954
640
240
82
272
977
923
161
308
751
431
229
814
486
191
210
179
282
940
967
356
994
364
448
917
318
14
64
245
178
982
165
790
710
541
629
223
170
986
675
192
850
654
657
852
995
253
263
678
517
811
307
418
13
725
644
186
289
29
719
261
976
913
999
658
380
254
487
498
598
670
423
341
458
429
312
382
821
187
672
656
864
142
274
433
100
482
632
371
135
376
189
571
682
345
778
30
572
117
176
677
225
690
420
103
414
939
547
492
628
134
153
113
511
934
599
840
42
509
335
167
384
255
548
914
813
503
146
81
248
294
45
168
595
194
303
779
275
219
523
553
742
11
611
295
444
518
688
459
343
697
622
550
305
797
593
333
891
912
905
581
143
173
985
822
792
19
733
827
834
899
798
612
886
762
619
107
901
965
646
381
662
476
884
971
694
929
705
549
428
461
278
96
566
791
871
839
820
555
450
867
951
297
921
722
823
942
544
531
771
118
440
661
802
148
26
981
918
583
937
342
734
958
155
94
315
494
835
471
878
466
374
996
273
949
941
637
57
156
175
563
962
326
59
964
296
63
1
516
744
24
110
172
331
665
866
961
928
538
551
540
20
15
655
837
217
668
906
738
126
870
145
645
88
48
724
889
484
604
576
243
224
71
250
205
66
686
91
829
2
614
833
193
182
904
984
209
514
422
573
185
85
211
23
570
847
950
533
642
426
265
452
438
105
680
831
887
966
47
610
332
373
868
75
264
213
286
322
496
780
767
443
825
789
375
228
969
98
32
415
630
163
952
368
16
558
74
50
195
236
324
214
513
472
97
731
72
652
836
712
49
31
290
556
169
561
699
754
159
617
875
316
816
800
65
317
709
615
698
812
477
321
160
529
894
589
691
674
507
740
84
947
365
542
434
749
909
232
218
115
327
404
925
411
959
973
336
27
926
861
54
430
140
907
301
445
817
809
783
177
579
974
588
989
421
489
123
735
892
574
432
206
877
607
859
776
355
559
280
119
239
6
348
721
52
930
400
425
114
150
567
340
8
464
621
61
469
151
306
166
745
99
704
819
108
379
879
10
132
838
568
158
283
856
717
357
648
535
455
157
874
804
442
34
685
679
911
483
258
401
4
761
659
763
785
689
319
354
227
828
703
810
247
251
537
663
116
782
623
931
993
526
183
104
292
288
730
350
304
846
757
991
625
726
684
212
73
865
639
125
121
979
701
536
109
55
700
881
602
389
741
720
144
895
201
0
