Time: 503708
Generation: 15
Length: 108590.87859586121
0
201
73
212
684
881
700
55
109
536
701
979
121
125
639
865
696
788
708
372
512
608
80
793
805
362
129
849
564
46
897
623
931
993
526
247
251
663
537
116
782
785
689
810
703
828
104
183
292
945
288
449
139
227
442
34
685
679
911
483
258
873
504
136
22
233
803
765
770
633
93
877
206
432
607
605
919
367
574
892
580
998
241
957
244
488
539
872
659
761
4
763
216
435
401
463
591
653
776
355
559
280
119
239
806
855
6
348
721
930
52
157
874
804
439
730
350
304
846
757
624
141
351
609
400
425
357
455
648
535
856
283
158
568
473
857
256
975
938
991
625
726
490
649
363
405
419
268
510
354
319
796
61
469
151
306
717
924
234
621
893
293
970
723
114
150
567
340
8
464
311
978
888
410
606
565
764
152
935
397
204
270
505
181
222
497
714
915
747
249
437
12
502
394
702
259
716
284
760
328
250
71
478
91
829
2
614
833
193
106
185
85
211
23
570
847
950
533
560
746
89
584
585
395
642
426
265
438
174
676
575
105
680
831
932
944
738
906
126
870
145
366
198
88
48
724
889
484
604
576
243
224
124
383
313
310
799
992
774
18
543
269
739
920
424
231
302
205
66
686
182
904
984
209
514
422
573
235
467
989
588
974
579
177
783
128
361
809
817
445
301
907
140
336
973
959
411
925
404
27
926
861
327
115
399
552
506
693
77
349
768
398
359
775
641
643
841
666
562
631
896
279
287
853
586
56
529
160
321
477
507
674
691
163
630
415
32
98
969
228
316
816
800
65
317
709
84
615
740
698
812
25
3
434
749
909
232
218
252
818
451
542
365
947
196
858
430
54
880
447
83
876
111
660
17
530
299
416
671
392
9
756
520
786
527
890
298
948
332
610
887
406
131
271
452
369
266
408
750
33
894
589
74
558
16
952
368
561
169
556
832
898
290
31
652
836
712
49
513
214
636
409
324
236
195
50
808
127
330
600
616
133
300
309
164
226
546
501
545
51
427
960
480
752
651
207
453
462
522
647
385
839
871
791
566
715
711
485
596
454
951
297
921
771
555
867
450
337
820
495
407
436
69
531
722
942
823
544
95
58
737
815
21
597
353
90
748
281
358
43
528
780
322
496
825
767
443
417
237
230
72
731
97
472
618
267
262
403
257
481
807
922
729
387
370
842
983
220
47
966
373
868
75
264
286
213
885
137
789
375
617
875
159
754
699
347
601
122
534
956
908
569
338
500
784
386
736
577
706
943
314
352
927
474
291
41
988
664
590
468
138
769
848
190
40
68
673
44
854
120
826
758
727
446
378
638
413
845
242
36
38
683
329
667
851
759
603
323
980
515
465
626
777
916
755
946
525
766
39
843
902
188
634
582
987
718
412
396
390
339
87
203
334
697
112
797
333
593
891
912
238
905
581
143
173
728
985
37
794
910
154
346
997
834
899
798
612
523
219
275
779
493
285
371
135
682
189
571
376
117
176
572
30
778
345
677
225
547
690
420
103
414
939
168
595
194
303
695
830
492
45
294
248
81
146
628
134
113
153
511
934
599
840
42
509
335
167
384
255
548
914
813
503
107
619
762
886
482
632
100
433
274
142
852
995
253
263
678
517
864
656
187
672
312
821
382
629
223
675
192
986
170
850
654
657
670
13
725
644
186
598
498
487
254
982
178
245
64
14
913
999
976
261
719
29
289
166
745
99
229
814
179
210
282
940
967
356
994
704
819
108
364
448
917
318
379
191
486
977
955
161
923
431
751
308
795
320
53
377
822
882
260
936
197
499
692
360
149
732
613
592
669
92
402
587
391
344
655
837
217
668
645
20
15
551
540
961
928
538
866
331
665
24
110
172
96
278
461
428
549
705
929
694
971
743
7
491
35
941
949
273
996
374
466
878
471
635
903
824
801
457
835
494
958
155
516
1
63
102
94
315
184
650
118
440
802
661
326
937
583
59
734
744
342
964
296
563
962
156
175
57
637
148
26
981
918
884
792
901
19
733
381
827
479
554
325
662
965
646
476
78
787
990
393
972
388
70
180
627
620
883
781
594
713
76
557
460
953
470
199
276
5
519
277
60
707
521
900
859
215
147
67
863
753
772
130
578
28
735
171
123
489
421
968
681
79
221
524
162
441
305
550
622
963
200
62
933
508
869
202
773
475
553
742
11
611
295
444
518
688
459
343
101
456
844
246
954
640
240
860
272
82
341
423
458
429
532
418
307
811
541
710
790
165
658
380
132
838
879
10
687
208
895
144
720
741
389
602
86
862
0
