Time: 2533437
Generation: 153
Length: 98551.27038562123
0
687
10
879
838
132
380
995
852
274
142
632
482
100
433
307
418
13
670
308
751
431
923
161
955
977
229
814
486
191
210
179
356
994
704
819
967
940
282
108
364
448
917
318
379
913
999
976
261
719
29
289
745
166
99
725
644
186
598
498
487
254
982
178
245
64
14
658
165
790
710
541
811
223
629
675
192
986
170
850
654
657
253
263
678
517
864
656
187
672
382
821
312
458
429
532
423
341
82
272
860
240
640
954
246
844
456
101
343
459
688
518
444
295
611
11
742
553
523
219
275
779
493
285
371
135
778
30
572
117
176
376
571
189
682
345
677
225
547
690
420
103
414
939
168
194
595
695
830
303
492
294
45
248
81
146
503
813
914
548
255
384
167
335
509
42
840
599
934
511
153
113
134
628
35
491
7
743
971
694
929
705
549
428
461
278
96
172
110
24
665
331
866
961
928
538
551
540
20
15
344
655
837
217
668
645
145
870
126
906
738
944
932
831
680
105
575
676
174
438
452
271
369
266
265
426
642
395
585
584
89
746
560
533
950
847
570
23
211
85
128
783
177
579
974
588
989
467
235
573
422
514
209
984
904
182
686
66
205
328
760
284
716
259
702
394
502
12
249
747
231
424
920
310
313
383
302
681
437
739
269
543
18
774
992
799
707
521
900
277
60
784
500
338
569
908
956
534
122
601
769
347
848
190
40
391
587
402
92
669
592
613
732
149
360
692
990
787
78
476
884
792
901
19
733
381
646
965
662
325
479
554
822
377
53
320
795
180
70
393
972
388
713
594
781
883
620
627
499
197
936
260
882
827
107
619
762
886
612
798
899
834
997
346
154
910
794
37
985
728
173
143
581
905
238
912
891
593
333
797
112
697
334
203
87
339
390
396
412
718
634
582
987
188
902
843
39
766
935
152
764
565
606
410
621
796
61
469
151
306
717
234
924
633
770
765
803
233
22
136
504
873
258
483
911
679
685
34
442
449
139
227
828
703
810
689
785
782
116
537
663
251
247
526
993
931
623
897
564
46
849
129
362
805
793
80
608
512
372
708
109
55
700
881
684
212
73
865
639
125
121
979
701
536
788
696
208
895
144
720
741
389
602
726
625
991
490
288
945
649
363
405
419
268
510
183
292
104
319
354
872
659
761
4
763
216
435
401
488
539
244
957
241
998
580
877
93
605
919
367
574
892
206
432
607
859
505
181
222
497
714
915
215
147
67
863
753
772
130
578
28
735
171
123
489
421
185
106
193
833
614
91
829
2
968
361
809
817
445
301
907
140
336
973
959
411
925
404
327
861
926
27
54
430
858
196
947
365
542
451
252
818
552
506
693
77
349
768
398
359
775
641
643
841
666
562
631
896
279
287
853
586
33
160
321
477
507
674
589
691
529
56
894
820
337
450
867
555
771
921
297
951
454
981
26
918
148
59
326
937
583
744
342
964
296
563
962
156
175
57
637
941
949
273
996
374
466
878
471
635
903
184
650
824
801
457
835
494
315
94
102
63
1
516
155
958
734
802
661
440
118
596
485
711
715
566
791
871
839
385
647
522
462
495
407
436
69
531
722
942
823
544
330
600
616
133
300
309
164
226
922
807
481
257
403
262
267
618
472
97
731
72
230
237
417
443
767
825
496
322
780
528
43
358
281
387
729
370
748
90
353
546
95
960
480
752
651
207
453
427
51
501
545
58
21
737
815
597
842
983
220
47
966
373
868
75
264
286
213
885
137
789
375
875
617
159
754
699
561
169
556
832
898
290
31
652
836
712
49
513
214
636
409
324
236
195
50
808
127
74
558
16
952
368
163
630
415
32
98
969
228
316
816
800
65
317
709
84
615
740
698
812
25
3
434
749
909
232
218
399
115
880
447
408
750
83
876
111
660
17
530
299
416
671
392
9
756
520
786
527
890
298
948
332
610
887
406
131
478
71
250
124
224
243
576
604
484
889
724
48
88
198
366
386
736
577
706
943
314
352
927
474
291
41
988
664
590
468
138
68
673
44
854
120
826
758
727
446
378
638
413
845
242
36
38
683
329
667
851
963
622
550
305
441
162
475
79
221
524
773
202
869
508
933
62
200
519
5
76
557
460
953
470
199
276
759
603
323
980
515
465
626
777
946
755
916
525
397
204
270
888
978
311
893
293
970
723
114
150
567
340
8
464
463
591
653
776
355
280
559
119
239
806
855
6
348
721
930
52
157
874
804
439
730
350
304
846
757
624
141
351
609
400
425
357
455
648
535
856
283
158
568
473
857
256
938
975
862
86
201
0
